8 11
24 35
41 45
59 65
78 83
93 99
107 116
121 127
135 140
148 155
161 167
175 181
188 193
202 212
216 227
231 237
243 248
257 266
270 280
283 301
308 313
320 326
333 340
345 355
358 364
368 376
381 389
392 401
404 413
416 424
429 437
441 446
452 458
464 470
477 487
489 500
501 507
515 520
527 533
540 546
551 560
564 584
591 599
604 615
617 626
629 683
689 694
701 710
713 719
727 739
740 764
765 769
777 782
788 795
799 805
811 817
822 831
833 841
845 855
857 865
870 880
883 889
896 904
907 913
920 927
932 938
946 950
958 963
969 978
981 992
993 998
1007 1013
1021 1024
1034 1039
1046 1052
1059 1067
1072 1082
1084 1091
1096 1105
1109 1117
1120 1127
1131 1137
1144 1149
1156 1162
1169 1188
1194 1203
1205 1215
1219 1229
1233 1242
1246 1252
1258 1264
1272 1278
1289 1297
1313 1320
1325 1332
1339 1346
1355 1361
1369 1375
1382 1388
1396 1403
1412 1417
1425 1430
1439 1443
1451 1456
1464 1469
1477 1484
1516 1526
1529